-274.6020283961665
-123.40265419821924
-130.88631670451866
-155.00425757190987
-120.0612311687899
-95.48703473188021
-92.16919129198786
-329.15917070503514
-77.1521370910068
-97.37391003675478
-104.68528754679049
-243.07049406538258
-162.39890496829724
-136.5187082373117
-105.99405093262122
-501.31081325554305
-93.84338526258196
-173.23162648768937
-55.10389209783564
-120.03921802765068
-202.38197923393815
-131.49597707300228
-588.5614672395307
-212.12793210786
-231.589624273002
-204.33482626632912
-118.33113790130692
-372.4578839923613
74.74820644742829
-87.78833247939758
-79.44856276533426
-73.4526555458664
-166.71041028720663
-271.2153264703063
-134.35014592884062
-109.01383306843454
30.032335838792648
-175.27642851317088
-76.70031246220817
-175.90382229353222
-112.61398538729469
-173.71909806984348
-184.53069156167234
-247.51066883465785
-121.44558842455608
-367.012554475444
-213.1202614819311
-241.37556699081753
-48.90028069130913
-160.75149121247188
-125.56841419543596
-167.94484500222
-48.23804332876557
-150.05193769347903
-75.76235690943092
-39.70063849074417
-164.73708916230333
-193.04718276844034
-90.36966000033355
-113.8154937602468
-117.83611807181512
-257.3052961527749
-237.41045407349114
-131.79514305140432
-258.21810605001497
-149.88476803553007
-241.23130234578647
-453.7974567656246
-47.461909162132976
-210.61962953052708
-108.72848849293014
0.9136178689318086
-100.92887405167103
-113.60704601966995
-133.64243871921346
-17.26166738901557
-159.04581083665116
15.46315570212954
-19.854285761193196
-121.21073750155992
-157.32412833347388
-305.5649488527473
-267.5515315649062
-205.53272820556333
-57.82146028729313
-20.193875313795118
-448.8154459167192
-217.43843888610832
-82.85545276177767
-83.65118539094135
-60.05033666889864
-103.20321657328985
-206.18329975145747
-91.02330527790349
-118.9617948795826
-108.51165412319855
44.69111108344484
-122.6356706765433
-193.46000948986807
-81.84028035350535
-131.5383211826253
-166.78461618637374
-42.36350630855382
-169.30233108602687
-244.78457993536406
-106.44349701556509
-77.53162354664528
-106.68201036301303
-78.41175399518303
-171.26336611873887
-91.97001885586744
-217.33568999965797
-84.21711765372574
-147.5521985138946
-142.75264350464374
-147.31692644040086
-237.73059678623065
-96.85127050235178
-198.663180721649
-95.5063879064343
-99.36809487166751
-95.49085095480203
-97.51543513962034
-66.83106366458325
-125.67879772623183
-37.59967854307597
-48.684735215154305
-93.45274745867682
-184.01263918780234
-115.55001897755935
-156.78377452350657
-198.50569304886164
-117.70903278763537
-39.01872692188675
-52.75053174539376
-104.21259922781884
-157.76047433821753
-114.25031496784109
-209.98153600103137
-27.541675003643093
-4.453736731788325
-104.3563089405485
-194.32078145468984
-67.22240050853597
-217.44160617930066
-69.968990310944
-216.51260480835523
-12.672720983845124
-186.5123674712388
-73.05932444490293
-27.70062127811245
-157.118458876251
-98.1125317105606
-105.12598923133068
-86.24253268938928
-50.98268830099471
-85.32750309437044
-89.90207589900376
21.961705312913097
-160.21135349194049
-88.16261308403935
-56.07042329319641
-175.32255862984766
-187.25085661546666
12.319649113620372
-85.22413571241803
-195.43090809494572
-64.40378676290277
-210.65087603424718
-14.054585942030513
-135.81523521425663
22.367401951968034
-88.75219749104556
-132.83108154278557
-78.8942309204985
-8.830942086190404
-131.47282291476955
-137.7510450142259
-53.884018232000415
39.009494167508905
-73.08196695624599
-99.94834733739512
-219.62240220305654
-401.73431127809636
-15.99522940304277
-86.09790078460426
-109.79444230672539
-119.33566979622029
-178.3818046131139
-98.20870355390173
-104.09178824121203
-209.14509219184436
-115.58849750571392
-82.1541110299526
-45.663983577195836
8.805881546320052
-79.88286612857357
-69.82917339522899
-8.805910050099016
-4.5435795657080575
-68.31582490490509
-172.7395119413822
-72.60082943157354
-63.752185240511594
-56.56253469869818
-85.96129991623673
-255.18813241626515
-70.22314960643206
-58.397736454774964
-71.09489278917155
-27.921544025872535
-38.263219678154954
-63.14463280663518
-148.19227921718232
-190.62715003724063
-2.1551615978006
-63.67482025710387
-349.81236050218695
-243.4101273078506
26.018691705540547
-26.949119579525117
-66.67052639000613
26.57144279906711
29.534212973769666
19.691430228790438
-91.39278488830347
-97.37655293392716
-6.5080375407099496
-132.58641879065436
-33.324556387409956
-33.52954482906951
16.088385208955412
-18.81974868848711
3.9869003466728827
-79.92682255752933
-109.41735720110692
-37.64103590836493
-103.694570807643
-181.24206069192877
-13.347385567107352
59.96339702326183
-78.72723958964704
-10.320737246119206
-233.8027317753833
-140.39169192785522
30.296328591489868
-21.206433748507997
-120.65292945806738
-280.5848618062503
-76.3285683135877
-96.40814073795993
-212.31183308959783
15.86949956319151
-19.751747422154274
54.96307791890439
-10.745589219433697
-126.07915489255875
67.96830265525483
-6.231705088213899
-56.678274815513475
-23.537049716823866
-15.110727981956977
-142.81847285568904
-11.9190173139733
-81.03409496792422
32.206254750240966
-92.29022613281164
-20.63599417996035
-5.3495654767862115
29.741011242310474
-83.62429372926232
-79.92534115663368
7.8754857153569535
-25.452865981239565
-9.591793692189157
-73.10347949512392
-173.24098572062138
-38.466314025043005
-25.124061283732345
-41.69775009885953
10.240573111851559
-96.21249490665086
6.010319615856096
-60.47287188098683
-12.537255205304884
-33.577431626565925
-24.19964147294985
-125.09282074263412
-52.05559105199576
23.524010300015096
-18.595617146310087
-34.490063626863204
-41.644121719544025
-7.126127159547091
-35.922548588946675
14.220283238409982
-47.73523429592745
1.1773103758013541
-63.200240639891305
-54.23072533753746
-79.96091420685323
-50.32603199571687
-41.42024592465189
-48.68105247417491
-6.300867587629404
12.646648674994651
-101.41536982464606
-55.401824037652545
-26.275851565480327
-25.90319183136948
-59.90341307852148
-73.52606624577912
-54.00843192734305
-0.43330902428012585
-235.79288443911759
-85.43903638927877
-63.61803601790957
-8.437122082377737
-79.37215569409751
-95.95350445086342
-122.18899755682875
2.4601183479650164
-23.360323407293752
-81.16419365650995
-22.841611367301375
2.393547381148835
-21.892009401321594
-30.6387840026497
-143.41353115776826
-55.84539672602796
-69.1758819444196
17.2149031872233
-82.40279979096998
73.39381038128113
6.516191599104196
-65.12322384833365
-10.8974176165313
-28.617474060056917
-17.27566561527917
-24.10292960496213
0.2494543004605399
-34.212694415298806
63.719262909445355
-56.736823633293646
195.7502032875982
16.598549709430774
-28.738427753967155
-59.39157467525257
-20.887368566576697
-49.36608282259637
-20.73668401709992
-19.089311032450865
-26.7959131490191
26.10773176611317
-7.639132983597589
-4.267986327273602
33.243939824194584
41.7765083763421
-72.67010944160216
-13.540450816951369
-26.450644948654418
2.4473877636751853
90.79973527975223
-15.945537674883324
46.459244002097385
-188.47763453736349
-52.30440199432902
-41.07756438381421
-88.10081882350671
-108.16999101761277
36.22684848683864
-8.758045177800572
205.7036195633947
-10.630610489028815
188.951791226409
-104.3958818077034
49.23240768993739
58.95177295738794
42.22653680339787
-65.92440317386573
-135.90454195593392
63.934387490970956
128.96572584862386
38.30723121740836
8.264539111930384
-41.09121106052535
-69.5973585918545
179.17508799856188
188.30272736236986
262.5630530021913
36.91968900802091
25.736265420257727
-92.38471060568692
24.097358409367985
176.48157927079708
235.1228736631926
229.60896853416776
160.25093173103653
205.00860645867232
54.73722804460378
32.26388747839553
162.51535507171184
275.67249039487456
131.19300423799874
230.81486577577078
214.70829285921843
63.729391731535785
6.096593671666343
54.82970364390869
-14.984564238698576
166.65307682668094
222.56496127744532
195.77926430695754
232.85513180273765
185.69816489458796
155.8208175911887
136.33426977717872
-57.38753603313822
158.13565507360846
234.0760404836291
272.0476092389961
256.14387376416096
267.67010319845065
230.25016184267923
214.33930575393742
199.46684795175497
268.69446235642454
221.497530449544
263.82429475802815
203.22333714754743
199.4542861059745
154.27421502366298
190.9819477466276
211.21331385140437
202.7049699470037
-36.590142216355616
-11.56980707163838
78.14190957275288
213.2873174890877
164.06816817807066
243.87267575837834
207.25913469293582
220.9714382113695
239.7837352996961
157.96947477049062
244.96088251451997
257.18771229296
33.53261986783555
236.80396868142512
252.62176400935638
215.1112406302111
-31.88555341804175
217.90696887769388
197.56264492736267
-29.136950117632168
172.81106762423627
162.41168820862055
213.09004993370027
168.2384801584972
-26.969851320652793
190.9025376183157
177.9731088380363
174.6274294221749
252.05884733782895
223.44044343511112
235.92206425478906
201.12370980530514
218.77014669350805
208.76306904166773
204.43156800832108
235.29121031054333
165.0601237387426
255.79438228552942
-34.62589023838257
241.11010783395005
232.57657563079349
206.09285023722316
173.1638089135437
195.40417202893198
179.87229901086184
154.1634590774392
189.65411296500312
183.66345731320615
161.15136626714798
166.62135986654266
209.47934627976616
190.46409422238474
152.46297451666373
187.29878244288565
237.72570000052443
279.39067432834196
220.29885413983024
246.0360166774923
177.09974223114955
227.646165486285
176.9783994946664
205.0917568085402
278.0023961145639
247.14709026250077
221.10451079002212
244.90091351731564
220.41963341021696
209.77105763217935
185.0296452589543
198.46275281092184
254.9986381087041
243.99689836270042
223.24838867044477
231.7440881049578
148.0988109070516
265.4640271291879
152.79341985782125
200.40352203815291
259.29540282462824
260.81919440952583
292.5232734077189
196.33498049448158
236.29844442000737
238.01359806570207
196.88297436204368
235.86935163157065
220.35195433094813
253.06640189868432
203.8499251424666
234.65614795641483
234.25313690288982
258.84466363685306
191.67207919895284
192.0882000251394
259.48232397610263
218.83780909768882
209.66900465793375
250.16979842595373
223.78178937372115
241.4220751099411
-18.44204109095631
212.69370272314825
228.77327396117522
277.8292075911244
174.78232815132253
262.2936233851897
209.789152731076
219.27204939706496
252.45991471601855
243.38259287756958
220.91010038715717
201.7572818265271
232.89709901832893
250.06560056835332
235.32290393352957
290.7190788331019
160.94726412572697
272.1803836916639
14.72518531707972
205.03726287479336
207.5994393036721
209.5842176802015
262.2552188976938
162.36172594153294
208.43924267049823
216.92465245876656
218.51558652308006
-43.45070962972754
158.07868694725025
292.1563697185384
246.01196740952182
262.7401847864354
224.88563134534553
241.66539918149073
293.26060481926675
180.87343903836242
249.78132928615946
271.7880996357321
272.3437969764807
166.3271038979956
203.2842488790107
224.72488702057325
218.26695915628045
258.10024206366495
223.46171333068128
188.37742076155757
226.25996644268923
289.1253113180247
267.58414559307596
254.74185927774468
239.94650748473538
206.98550023620422
172.3428398893705
224.49733552924474
86.78721391432386
220.99329297760877
190.2735161133281
100.29387606527985
283.7075418837597
239.2342514281363
216.656210733714
271.13876470171317
254.0042150568444
216.54063938803847
147.5232679703612
188.62436432492757
254.9943126749223
248.21001300762444
251.9563601466496
184.7566841283416
217.06465222079495
191.6224850402084
278.64301071336035
242.80236432771468
248.48922242288114
278.9762056461981
207.2829438177517
270.5993498336099
261.03589443299506
160.2319893325173
254.97182489790185
284.99611497109424
-41.8389702532934
221.3959054888429
215.44046389871758
247.35146502986942
241.8507036373919
100.33968916821003
273.5826741128942
229.71110094816274
226.80561862635443
253.06906566189446
287.7247483339625
244.75535462249894
239.4084695618411
173.35291647172514
219.89033103456077
219.5912524709379
245.5563398953095
-231.08170484229362
277.9587798314232
239.1162857874935
233.1070208999764
229.12900864737
238.01504478998237
279.0412433279086
261.22531198636864
247.23158603040162
252.05350652578764
219.98697542624805
256.71047547784804
204.11269784641814
221.06061071977967
232.8089350218043
262.9558166271345
231.30643038444774
248.58696299499434
241.65395375308773
222.72554468471844
246.13441063806292
236.0355064109355
192.06640498666462
296.008000425468
222.88239032863066
5.241796137899641
241.20092212051787
242.74546453160693
262.0509719945698
260.38504220619495
231.15719515081295
255.18025318405037
252.2194111870849
235.07835920992508
247.09185610243983
266.3229205086179
-24.424592566962502
194.6652338034731
105.41722526401946
230.635778526362
260.3063275406155
236.87474817298923
257.4301260098973
266.8228888875133
237.48251760923998
293.66470242376494
267.5086374723504
214.51647531391845
238.59741389472464
244.88336875007724
248.4846260770719
264.7174237748849
221.81023320259197
234.62276903420005
169.17516975965722
-27.852571981527262
261.99140978514424
241.28555231577835
232.53750027132725
272.234979603297
198.46097730172767
207.04152027682727
219.2296084501996
226.7609954355072
160.49321390432144
245.05673872173736
213.39420723740858
235.4946974163011
274.3056274367549
247.88132239445181
219.25378099105782
237.23562899082793
205.3769743640447
245.73976459232458
251.38834327778812
263.11169973339616
243.96652585289758
244.6461256817574
202.94153816049783
251.87971636609348
181.71548222052218
268.4796329959868
223.75291218187073
207.94904790783943
149.2295845210872
251.62056225675207
256.0333123151356
270.6163379706583
284.30291783237624
160.98171746159034
181.1187915667038
245.47547750105062
223.805034687004
227.47478745941785
223.35815381148936
245.86020512561907
258.1729329346652
197.93229623264
217.70877203301353
182.4913682347934
168.01668161811364
215.14316534331007
-5.9121669751259915
191.5672222090288
251.1915757560622
214.4971180635788
251.5261073205677
194.11927924898015
-31.521510956615327
277.18681654437216
232.74182033996263
212.0455125684924
-159.9263094873692
240.8493961938508
187.5417744062426
214.1523876993495
254.23394178419284
215.24760502390177
194.18925705781197
127.49237493687582
182.09311636002548
-39.06766912352791
179.6732058515179
286.3331310160495
204.64252840928003
100.43186901430654
113.54835765728757
232.49725285989675
234.16898808238696
230.54020094135942
216.71558834896018
235.94493285301903
203.57767517079458
245.31704412386856
230.51353171834614
202.1382610011129
245.65580747290903
231.96041701511447
247.448552673464
182.4635235845239
206.97419226570716
272.53156973306443
254.45420578545156
210.0887275634429
224.63315267029816
250.71776611534898
250.69381582474094
243.12523182103672
-34.220976224006606
27.39899725829187
260.83738267222236
199.77831268875934
216.34978169482025
247.39196523187925
249.85928861231656
-134.56045082963783
230.5599003019769
249.40193918765735
238.0767162377566
-51.5625165705944
245.76591473524874
268.0833689891788
125.23713794913692
233.6304900661777
262.01109808476394
-22.029048449162474
231.98244617040706
188.678671484345
-28.36934536488033
267.02187189822575
224.00467373265434
-33.861808242446784
224.18096288470701
208.61518775959226
229.44283943025485
191.83142536983075
-102.66934229277145
196.93302862410155
-38.31310526518348
-145.39669104741347
198.5194084825656
221.19382403908594
187.41088251208464
183.32048767061517
227.33767175977738
217.20240824114933
215.76050448494007
250.48448474874658
235.07180844192428
206.23309470570985
165.16598539344767
-64.29355234259333
248.348529101189
179.12012228373956
214.9618293456395
235.97539632957427
223.06619688823412
-30.913136358557214
186.4766648416295
266.73889026275015
207.97887249035057
2.071596326527896
237.80932076746475
246.79994861740306
247.6607606390859
0.758963609137141
251.98737268858267
231.45826400458708
190.18376787259825
207.15798781720218
234.45543053270464
129.01558682472125
-25.814692050393276
243.33287203119139
252.2586257882302
231.523928847161
222.2561202656363
170.95525299387077
199.20026538585122
209.02928390790873
247.52413981273386
188.96558933050486
198.88258779035644
-125.41287433630565
233.75630827901352
228.8403485959647
74.07763547894373
94.21717434643838
191.96699862014805
-67.07716767623513
231.7582899614831
197.2094220197975
176.3539709499297
250.08871313752252
234.25704072696348
250.67484968387194
-214.2571684546199
194.96804862911176
211.68150555851742
171.93889490921174
-12.366534527175205
230.0003475834318
178.0470086656161
191.0735005545037
70.29687798138
295.2057433937705
269.2562802664011
257.5773983425945
192.9646375508945
178.62445187341427
164.11275278860498
242.77642235128044
246.71920386669402
201.07466095547824
-34.566061855852354
229.44272433885396
217.1710289110306
217.28462633559454
281.6446392169195
214.8082258122214
210.14099297065138
219.4987302679418
164.57393592381746
210.9192700347724
-24.437813955347107
194.06113111446842
260.95046950809603
213.5252198009558
261.4865686022323
201.06272089918508
-109.5320874135994
241.85464601200457
207.5315164655965
212.23310355704245
225.89473384906088
250.46980173522934
212.45788774357734
165.16039140023537
237.50317078008555
228.44841500222674
185.14437669307358
250.47688544747155
241.70654905509332
249.3034134150183
43.506427495259764
230.6421168464566
167.28346128947993
96.88077151072017
-203.701297368988
232.09057250046072
-15.761387220993399
231.43810811366512
-201.3634839022646
209.77045095839827
232.39426882464835
194.99671822316398
244.88004243085558
-1.7205696415164624
136.62920367148823
72.71592004749704
242.8909585914083
121.94441706444759
159.63662333669043
178.08090395854293
245.42745059787848
223.3089888067859
215.41988521526702
206.17452674222426
225.9450902172948
195.30570506626202
-76.49564134856551
240.6285073517589
240.9541701232627
205.15397803356342
159.63310803748695
139.1135282462622
201.54884458578704
252.16216697033857
186.5748901406908
243.30644383589814
150.82516952940693
255.3530074972713
156.96096579387176
205.71536152930588
187.08949445525167
135.4355308794597
166.61229557769283
220.12956398976945
187.49685567412945
250.28307406050305
208.40379954773493
11.485630023917537
172.53536926468317
79.83847807027027
134.23322137517084
230.84615195894406
192.77926265487199
258.57680775718563
254.99795524342986
240.7600075386344
246.3913093927097
183.94539416940165
252.79654257467539
239.5600609792259
26.4589390064204
237.40900177310257
203.84889989489182
183.10770932013622
161.9230779609474
209.1805603210351
184.15497122394694
209.97429508678886
256.4110690614697
282.41710125422946
246.61966889464958
76.42664496809044
195.92003532197663
231.74168703613992
179.57257585640096
239.9609572152323
218.1787555201231
264.61690697940753
202.85671547015235
214.92369130743697
243.63748518174248
257.349740801743
